-1.63717 3.49942e-07 0.853961 2.63395e-07 1.25368 1.04137 2.125
-1.62375 3.59806e-07 0.845181 2.90406e-07 1.51509 1.08807 2.1375
-1.60968 3.71223e-07 0.835639 3.22074e-07 1.85269 1.14478 2.15
-1.59527 3.79556e-07 0.825725 3.40596e-07 2.05993 1.18296 2.1625
-1.57982 3.93621e-07 0.813745 3.89104e-07 2.67303 1.25768 2.175
-1.56318 4.09651e-07 0.799038 4.69016e-07 3.86152 1.34668 2.1875
-1.54611 4.26021e-07 0.783624 5.64862e-07 5.5692 1.43995 2.2
-1.53954 4.27731e-07 0.778537 5.45059e-07 5.1738 1.44496 2.205
-1.53191 4.40689e-07 0.769153 7.505e-07 9.78679 1.5269 2.21
-1.52423 4.45202e-07 0.762082 6.54942e-07 7.43642 1.55131 2.215
-1.51673 4.49866e-07 0.753914 7.48897e-07 9.70113 1.57686 2.22
-1.50847 4.6004e-07 0.743416 8.02043e-07 11.1019 1.64158 2.225
-1.49939 4.69463e-07 0.730452 9.01995e-07 14.0099 1.70186 2.23
-1.49184 4.78734e-07 0.722291 9.24538e-07 14.686 1.76184 2.235
-1.4819 4.89563e-07 0.705692 1.13061e-06 21.9132 1.83422 2.24
-1.47262 5.08225e-07 0.687828 1.3823e-06 32.6827 1.96794 2.245
-1.4627 5.22955e-07 0.668612 1.56739e-06 41.9279 2.07441 2.25
-1.4524 5.30882e-07 0.649176 1.67894e-06 48.0015 2.1283 2.255
-1.44017 5.55947e-07 0.615531 2.00306e-06 68.1729 2.32371 2.26
-1.43297 5.39927e-07 0.615368 1.75469e-06 52.1995 2.18205 2.265
-1.42156 5.57653e-07 0.587607 1.98889e-06 66.9154 2.31744 2.27
-1.40809 5.64982e-07 0.544381 2.24503e-06 85.0733 2.36831 2.275
-1.39653 5.68543e-07 0.512809 2.37108e-06 94.6868 2.38775 2.28
-1.38436 5.61836e-07 0.474857 2.44804e-06 100.712 2.32155 2.285
-1.37328 5.62586e-07 0.446793 2.49155e-06 104.096 2.31759 2.29
-1.35048 5.37608e-07 0.383791 2.42853e-06 98.467 2.09801 2.3
-1.32634 5.12011e-07 0.312605 2.32945e-06 90.1065 1.88246 2.3125
-1.30345 4.8497e-07 0.257592 2.11183e-06 73.6592 1.67077 2.325
