-1.63704 2.79912e-07 0.853845 2.10759e-07 1.25419 1.04106 2.125
-1.62366 2.87305e-07 0.845123 2.30384e-07 1.48987 1.08399 2.1375
-1.61006 2.95941e-07 0.836263 2.52231e-07 1.77545 1.1368 2.15
-1.59522 3.05174e-07 0.8253 2.7976e-07 2.17153 1.1949 2.1625
-1.57981 3.14446e-07 0.813318 3.2278e-07 2.87413 1.25408 2.175
-1.56359 3.25699e-07 0.800068 3.64716e-07 3.64848 1.33011 2.1875
-1.54634 3.38863e-07 0.784209 4.3756e-07 5.22161 1.42349 2.2
-1.53932 3.43355e-07 0.77763 4.64513e-07 5.87136 1.45486 2.205
-1.53193 3.46883e-07 0.770616 4.66668e-07 5.91255 1.4782 2.21
-1.52425 3.56821e-07 0.761718 5.40406e-07 7.91074 1.55706 2.215
-1.51646 3.57641e-07 0.753574 5.48693e-07 8.13687 1.55718 2.22
-1.50855 3.71062e-07 0.742871 7.21632e-07 14.0428 1.66872 2.225
-1.49967 3.85385e-07 0.726945 9.74074e-07 25.5288 1.79197 2.23
-1.49202 3.80653e-07 0.722714 7.62013e-07 15.5883 1.74042 2.235
-1.48363 3.88045e-07 0.711797 8.58123e-07 19.7243 1.80061 2.24
-1.47467 3.92821e-07 0.699691 8.20394e-07 17.9879 1.83699 2.245
-1.4626 4.13589e-07 0.670528 1.2392e-06 40.9498 2.02733 2.25
-1.45361 4.18529e-07 0.656276 1.29691e-06 44.753 2.06685 2.255
-1.44496 4.22334e-07 0.647602 1.13505e-06 34.2038 2.0953 2.26
-1.43165 4.52138e-07 0.602099 1.73713e-06 79.937 2.39088 2.265
-1.41904 4.53464e-07 0.56912 1.85736e-06 91.1835 2.39433 2.27
-1.40768 4.57128e-07 0.531141 2.16031e-06 123.084 2.4225 2.275
-1.39287 4.6128e-07 0.470499 2.42068e-06 154.203 2.4559 2.28
-1.38374 4.52884e-07 0.467361 2.16786e-06 123.404 2.35696 2.285
-1.36732 4.44625e-07 0.377819 2.46462e-06 159.153 2.26187 2.29
-1.34793 4.31164e-07 0.330996 2.36481e-06 145.887 2.10854 2.3
-1.32493 4.02578e-07 0.271919 2.13025e-06 117.742 1.8184 2.3125
-1.30287 3.77227e-07 0.215047 1.79505e-06 83.1536 1.57947 2.325
