-1.63701 7.01775e-07 0.853569 5.5016e-07 1.36738 1.04701 2.125
-1.6239 7.1867e-07 0.845581 5.7172e-07 1.46802 1.08522 2.1375
-1.60964 7.41543e-07 0.835515 6.54196e-07 1.91095 1.142 2.15
-1.5948 7.6506e-07 0.824629 7.32376e-07 2.38113 1.20157 2.1625
-1.57934 7.91592e-07 0.812387 8.45157e-07 3.15273 1.27161 2.175
-1.56397 8.12225e-07 0.800912 8.90934e-07 3.48349 1.32351 2.1875
-1.54661 8.41981e-07 0.785114 1.02929e-06 4.623 1.40615 2.2
-1.53977 8.5241e-07 0.778976 1.07938e-06 5.07237 1.43467 2.205
-1.53105 8.79299e-07 0.76771 1.24821e-06 6.76795 1.51971 2.21
-1.52462 8.82576e-07 0.762819 1.24209e-06 6.68655 1.52415 2.215
-1.51623 8.9775e-07 0.752947 1.3492e-06 7.87171 1.56991 2.22
-1.50961 9.04431e-07 0.747565 1.34801e-06 7.8402 1.58622 2.225
-1.50011 9.2543e-07 0.734871 1.48376e-06 9.47744 1.65329 2.23
-1.49269 9.35307e-07 0.727007 1.54296e-06 10.226 1.68122 2.235
-1.48408 9.55386e-07 0.71515 1.6733e-06 11.9997 1.74636 2.24
-1.47533 9.63798e-07 0.704609 1.72583e-06 12.7365 1.76934 2.245
-1.46688 9.74857e-07 0.694015 1.78912e-06 13.6574 1.80214 2.25
-1.4566 9.91552e-07 0.677317 1.9321e-06 15.8923 1.85613 2.255
-1.44757 1.00175e-06 0.664272 2.01945e-06 17.3232 1.88612 2.26
-1.43806 1.01373e-06 0.650204 2.11359e-06 18.9341 1.92301 2.265
-1.42799 1.02897e-06 0.632842 2.24958e-06 21.4018 1.97254 2.27
-1.41794 1.03385e-06 0.617054 2.29214e-06 22.1702 1.98255 2.275
-1.40711 1.0414e-06 0.59779 2.40021e-06 24.2569 2.00281 2.28
-1.39927 1.04223e-06 0.58752 2.41136e-06 24.4291 1.99723 2.285
-1.38907 1.0484e-06 0.56852 2.51103e-06 26.4327 2.01213 2.29
-1.36813 1.04862e-06 0.529836 2.6295e-06 28.8596 1.99548 2.3
-1.34452 1.04013e-06 0.487876 2.69964e-06 30.2554 1.94215 2.3125
-1.31963 1.01487e-06 0.438919 2.72245e-06 30.6033 1.82915 2.325
