-1.63695 4.6708e-07 0.85374 3.51578e-07 1.25643 1.04356 2.125
-1.62339 4.81441e-07 0.844696 3.92953e-07 1.56037 1.09579 2.1375
-1.60975 4.92534e-07 0.836019 4.1471e-07 1.72785 1.13357 2.15
-1.59525 5.09093e-07 0.825523 4.69484e-07 2.20161 1.19712 2.1625
-1.58041 5.22816e-07 0.81449 5.16934e-07 2.65378 1.24805 2.175
-1.5632 5.46833e-07 0.799267 6.38476e-07 4.02527 1.34979 2.1875
-1.5466 5.61774e-07 0.785019 7.13294e-07 4.99537 1.40842 2.2
-1.53963 5.68101e-07 0.779089 7.01412e-07 4.81938 1.4338 2.205
-1.53168 5.81521e-07 0.769802 8.01979e-07 6.28618 1.49555 2.21
-1.52452 5.87682e-07 0.763197 8.23345e-07 6.61064 1.52052 2.215
-1.51678 5.95865e-07 0.75456 8.89471e-07 7.69776 1.55612 2.22
-1.50812 6.13998e-07 0.742945 1.03821e-06 10.4638 1.64486 2.225
-1.50108 6.17664e-07 0.736455 1.01835e-06 10.0449 1.6571 2.23
-1.49207 6.31109e-07 0.724851 1.1271e-06 12.2773 1.7223 2.235
-1.48152 6.48996e-07 0.705057 1.38443e-06 18.4818 1.81318 2.24
-1.47425 6.53624e-07 0.699307 1.32438e-06 16.8757 1.83095 2.245
-1.46297 6.80193e-07 0.674691 1.65798e-06 26.3894 1.97403 2.25
-1.45314 6.89204e-07 0.658028 1.76538e-06 29.8525 2.0177 2.255
-1.44331 6.98525e-07 0.642006 1.83184e-06 32.0716 2.06348 2.26
-1.43278 7.0971e-07 0.622812 1.95446e-06 36.4282 2.1207 2.265
-1.42063 7.28327e-07 0.590158 2.23955e-06 47.7253 2.22359 2.27
-1.41265 7.19146e-07 0.581004 2.2056e-06 46.1878 2.15837 2.275
-1.40259 7.28724e-07 0.559177 2.32155e-06 51.0593 2.20653 2.28
-1.391 7.30813e-07 0.533592 2.39054e-06 54.0207 2.2095 2.285
-1.37679 7.34598e-07 0.492669 2.53935e-06 60.8222 2.22271 2.29
-1.35721 7.22519e-07 0.451307 2.56808e-06 61.9358 2.13156 2.3
-1.332 6.97639e-07 0.38913 2.58141e-06 62.2424 1.96586 2.3125
-1.30875 6.66836e-07 0.336664 2.46628e-06 56.5088 1.77683 2.325
