-1.63685 3.50913e-07 0.853486 2.69042e-07 1.30802 1.04716 2.125
-1.62356 3.59541e-07 0.845005 2.92231e-07 1.53419 1.08647 2.1375
-1.60963 3.69663e-07 0.83573 3.17553e-07 1.80105 1.13518 2.15
-1.59479 3.84548e-07 0.824776 3.62704e-07 2.33603 1.21428 2.1625
-1.57988 3.94377e-07 0.813534 3.94574e-07 2.74871 1.26251 2.175
-1.56326 4.08288e-07 0.799684 4.53229e-07 3.60594 1.33773 2.1875
-1.54637 4.211e-07 0.784442 5.14688e-07 4.62378 1.40688 2.2
-1.5398 4.27502e-07 0.778642 5.63201e-07 5.52395 1.44342 2.205
-1.53167 4.40226e-07 0.768894 6.46107e-07 7.25351 1.5237 2.21
-1.52402 4.46516e-07 0.761051 6.7389e-07 7.87292 1.56048 2.215
-1.5163 4.52991e-07 0.752371 7.15019e-07 8.84329 1.59884 2.22
-1.50936 4.55376e-07 0.746614 7.16068e-07 8.84931 1.60847 2.225
-1.50095 4.66004e-07 0.735207 8.39153e-07 12.1257 1.67687 2.23
-1.49251 4.71225e-07 0.725032 8.40934e-07 12.15 1.707 2.235
-1.48335 4.832e-07 0.711022 9.97832e-07 17.0686 1.78686 2.24
-1.47394 4.9581e-07 0.695207 1.1838e-06 23.9701 1.87296 2.245
-1.46343 5.12409e-07 0.675201 1.3632e-06 31.7153 1.99159 2.25
-1.45299 5.26635e-07 0.653416 1.5436e-06 40.5747 2.09439 2.255
-1.4422 5.39811e-07 0.629153 1.75225e-06 52.1691 2.19077 2.26
-1.43173 5.47344e-07 0.606061 1.91855e-06 62.4035 2.24241 2.265
-1.41867 5.61642e-07 0.568063 2.19386e-06 81.4182 2.35071 2.27
-1.4088 5.61887e-07 0.552012 2.11841e-06 75.7478 2.34243 2.275
-1.39771 5.60557e-07 0.520308 2.28974e-06 88.3019 2.32114 2.28
-1.38348 5.66751e-07 0.469811 2.48616e-06 103.873 2.36235 2.285
-1.37428 5.50562e-07 0.457098 2.3837e-06 95.2793 2.21959 2.29
-1.34929 5.40812e-07 0.369919 2.51207e-06 105.358 2.12309 2.3
-1.32745 5.1677e-07 0.323288 2.36889e-06 93.1837 1.91762 2.3125
-1.30419 4.85976e-07 0.26144 2.15012e-06 76.3541 1.67771 2.325
