-1.637 2.79847e-07 0.853773 2.1139e-07 1.26172 1.04058 2.125
-1.62368 2.88835e-07 0.845035 2.35296e-07 1.55409 1.09557 2.1375
-1.61 2.96206e-07 0.836159 2.50644e-07 1.75318 1.13884 2.15
-1.59474 3.05433e-07 0.824286 2.96359e-07 2.43686 1.19694 2.1625
-1.57992 3.14822e-07 0.813889 3.11613e-07 2.6787 1.25708 2.175
-1.56376 3.2659e-07 0.800115 3.60912e-07 3.57278 1.3374 2.1875
-1.54672 3.38295e-07 0.785519 4.06493e-07 4.50646 1.41872 2.2
-1.53863 3.4801e-07 0.775296 5.00587e-07 6.8187 1.49457 2.205
-1.53207 3.47609e-07 0.770719 4.8854e-07 6.47977 1.48439 2.21
-1.52435 3.53188e-07 0.762523 5.18239e-07 7.27508 1.52551 2.215
-1.51728 3.57568e-07 0.755423 5.38681e-07 7.84263 1.55655 2.22
-1.50789 3.67713e-07 0.74194 6.39877e-07 11.0411 1.63874 2.225
-1.50138 3.67131e-07 0.737443 6.03719e-07 9.80654 1.62624 2.23
-1.49089 3.85756e-07 0.717516 8.85586e-07 21.054 1.7874 2.235
-1.48216 3.9466e-07 0.707501 8.23083e-07 18.1464 1.86252 2.24
-1.47423 3.96483e-07 0.698118 8.6722e-07 20.0999 1.8714 2.245
-1.4637 4.11148e-07 0.676205 1.13856e-06 34.5685 2.00347 2.25
-1.45176 4.30534e-07 0.647123 1.39976e-06 52.1331 2.18712 2.255
-1.44161 4.42653e-07 0.623456 1.68019e-06 74.9483 2.30177 2.26
-1.42947 4.47171e-07 0.591325 1.84366e-06 90.0424 2.33864 2.265
-1.42094 4.47455e-07 0.579512 1.82289e-06 87.831 2.33131 2.27
-1.40752 4.57031e-07 0.533613 2.06648e-06 112.624 2.42147 2.275
-1.39451 4.70243e-07 0.480894 2.45717e-06 158.886 2.55226 2.28
-1.38161 4.57087e-07 0.442625 2.38691e-06 149.601 2.40091 2.285
-1.36973 4.52484e-07 0.398121 2.38536e-06 149.082 2.34254 2.29
-1.3485 4.26317e-07 0.332515 2.33114e-06 141.763 2.0614 2.3
-1.3222 3.9784e-07 0.249153 2.06579e-06 110.724 1.77584 2.3125
-1.30163 3.71927e-07 0.207308 1.71277e-06 75.7057 1.5354 2.325
