-1.63702 3.51635e-07 0.853706 2.67141e-07 1.2896 1.05147 2.125
-1.62344 3.61143e-07 0.84486 2.93768e-07 1.55036 1.09617 2.1375
-1.60999 3.69812e-07 0.836116 3.17068e-07 1.79555 1.1361 2.15
-1.59512 3.83049e-07 0.825025 3.60933e-07 2.31328 1.20484 2.1625
-1.57987 3.92885e-07 0.813685 3.93545e-07 2.73439 1.25298 2.175
-1.56366 4.05723e-07 0.800706 4.35557e-07 3.33023 1.32097 2.1875
-1.54662 4.22452e-07 0.78489 5.25814e-07 4.82584 1.41593 2.2
-1.53928 4.30062e-07 0.777251 5.80036e-07 5.85912 1.46075 2.205
-1.53221 4.35677e-07 0.770523 6.18173e-07 6.63987 1.49237 2.21
-1.52509 4.37859e-07 0.764355 6.00236e-07 6.24599 1.50056 2.215
-1.517 4.49904e-07 0.75497 6.90676e-07 8.25139 1.57712 2.22
-1.50876 4.61801e-07 0.743439 8.39763e-07 12.1707 1.65417 2.225
-1.50113 4.6336e-07 0.736617 7.7407e-07 10.3178 1.6579 2.23
-1.49256 4.71142e-07 0.725236 8.42374e-07 12.1917 1.70639 2.235
-1.48359 4.87762e-07 0.710126 1.1129e-06 21.2321 1.82076 2.24
-1.47261 5.05712e-07 0.688902 1.27953e-06 28.0038 1.94852 2.245
-1.46313 5.16175e-07 0.674286 1.36838e-06 31.9568 2.02097 2.25
-1.45304 5.24743e-07 0.654822 1.51972e-06 39.3289 2.07937 2.255
-1.44299 5.39694e-07 0.632479 1.76769e-06 53.0927 2.18983 2.26
-1.42894 5.61085e-07 0.593004 2.03641e-06 70.3061 2.35642 2.265
-1.41947 5.52438e-07 0.579602 1.9555e-06 64.6878 2.27429 2.27
-1.40739 5.66169e-07 0.544414 2.21101e-06 82.515 2.37826 2.275
-1.39558 5.68805e-07 0.505217 2.40917e-06 97.7532 2.38994 2.28
-1.38065 5.63284e-07 0.453284 2.53167e-06 107.711 2.33353 2.285
-1.37364 5.58924e-07 0.451738 2.42896e-06 98.9318 2.28752 2.29
-1.35132 5.39313e-07 0.385358 2.43241e-06 98.7814 2.11134 2.3
-1.32848 5.18496e-07 0.3323 2.33341e-06 90.4133 1.93045 2.3125
-1.30501 4.84011e-07 0.266696 2.14366e-06 75.8965 1.66416 2.325
