-1.63698 7.00703e-07 0.853742 5.27445e-07 1.2568 1.04381 2.125
-1.62357 7.21217e-07 0.845082 5.78446e-07 1.50276 1.09293 2.1375
-1.60976 7.40763e-07 0.835822 6.35243e-07 1.80183 1.1396 2.15
-1.59493 7.65951e-07 0.82484 7.40121e-07 2.43176 1.20437 2.1625
-1.57931 7.92315e-07 0.81232 8.32101e-07 3.05607 1.27394 2.175
-1.56371 8.12371e-07 0.800453 8.94473e-07 3.51122 1.32399 2.1875
-1.54632 8.43292e-07 0.78457 1.04643e-06 4.77824 1.41053 2.2
-1.53968 8.53436e-07 0.778304 1.09219e-06 5.19349 1.43812 2.205
-1.53221 8.66695e-07 0.771254 1.14818e-06 5.7266 1.47645 2.21
-1.52455 8.80938e-07 0.763013 1.23721e-06 6.63415 1.5185 2.215
-1.51709 8.918e-07 0.755442 1.27737e-06 7.05594 1.54917 2.22
-1.50982 9.03263e-07 0.74787 1.34511e-06 7.80651 1.58212 2.225
-1.5008 9.21524e-07 0.736116 1.47252e-06 9.33442 1.63936 2.23
-1.49212 9.3801e-07 0.725455 1.56406e-06 10.5076 1.69095 2.235
-1.48438 9.49269e-07 0.716414 1.63547e-06 11.4633 1.72407 2.24
-1.47508 9.64635e-07 0.703936 1.73241e-06 12.8339 1.77241 2.245
-1.46662 9.80186e-07 0.692062 1.8394e-06 14.4358 1.82189 2.25
-1.45653 9.96804e-07 0.67626 1.97239e-06 16.5618 1.87585 2.255
-1.44777 1.00462e-06 0.664453 2.02822e-06 17.4741 1.89696 2.26
-1.43755 1.01736e-06 0.648445 2.13009e-06 19.2309 1.93681 2.265
-1.42705 1.03218e-06 0.629524 2.27991e-06 21.9827 1.98485 2.27
-1.41823 1.03556e-06 0.61801 2.29492e-06 22.2242 1.9891 2.275
-1.40861 1.04231e-06 0.602612 2.36091e-06 23.469 2.00631 2.28
-1.39817 1.04692e-06 0.583534 2.45247e-06 25.2693 2.01525 2.285
-1.38769 1.05104e-06 0.564175 2.53518e-06 26.9434 2.02228 2.29
-1.36836 1.0474e-06 0.530911 2.62389e-06 28.7366 1.99086 2.3
-1.34331 1.03673e-06 0.485207 2.69477e-06 30.1462 1.92948 2.3125
-1.31893 1.01639e-06 0.436843 2.73125e-06 30.8014 1.83461 2.325
