-1.63709 4.65932e-07 0.853828 3.50396e-07 1.248 1.03844 2.125
-1.62369 4.81006e-07 0.8452 3.90481e-07 1.5408 1.09381 2.1375
-1.60958 4.95366e-07 0.83543 4.3196e-07 1.87458 1.14665 2.15
-1.59518 5.09687e-07 0.825301 4.69113e-07 2.19812 1.19991 2.1625
-1.57957 5.26602e-07 0.813076 5.45991e-07 2.9605 1.26619 2.175
-1.56378 5.42444e-07 0.800574 5.93148e-07 3.47402 1.32821 2.1875
-1.54683 5.60252e-07 0.785297 6.93985e-07 4.72858 1.4008 2.2
-1.53949 5.69339e-07 0.778288 7.40122e-07 5.36602 1.44005 2.205
-1.53187 5.79535e-07 0.769926 8.2735e-07 6.69021 1.48535 2.21
-1.52439 5.90191e-07 0.762456 8.57125e-07 7.16421 1.53353 2.215
-1.51658 6.01784e-07 0.753581 9.44947e-07 8.68792 1.58719 2.22
-1.50902 6.09464e-07 0.745091 1.02877e-06 10.2745 1.62065 2.225
-1.50029 6.21823e-07 0.734478 1.09121e-06 11.5337 1.67949 2.23
-1.49272 6.292e-07 0.724225 1.23204e-06 14.6699 1.71189 2.235
-1.48224 6.57263e-07 0.704808 1.48061e-06 21.1391 1.85967 2.24
-1.47405 6.56671e-07 0.69667 1.43326e-06 19.7645 1.84806 2.245
-1.46373 6.74164e-07 0.679442 1.54998e-06 23.0633 1.93919 2.25
-1.45447 6.82048e-07 0.664757 1.6397e-06 25.7533 1.97602 2.255
-1.44483 6.892e-07 0.648627 1.7395e-06 28.9196 2.00876 2.26
-1.43433 7.09486e-07 0.627548 1.9417e-06 35.9544 2.11936 2.265
-1.42311 7.2298e-07 0.600234 2.16634e-06 44.6563 2.19106 2.27
-1.41266 7.22672e-07 0.583016 2.17411e-06 44.8783 2.17958 2.275
-1.39995 7.33179e-07 0.548927 2.38525e-06 53.8996 2.2336 2.28
-1.38892 7.35623e-07 0.522625 2.47085e-06 57.7111 2.23868 2.285
-1.37974 7.31892e-07 0.50807 2.46323e-06 57.2304 2.20636 2.29
-1.3574 7.20504e-07 0.450821 2.56339e-06 61.7099 2.11968 2.3
-1.33323 6.95289e-07 0.396443 2.53612e-06 60.0776 1.95263 2.3125
-1.30711 6.58786e-07 0.327141 2.43208e-06 54.9526 1.73419 2.325
