-1.63721 2.7897e-07 0.853864 2.15625e-07 1.31278 1.03406 2.125
-1.6237 2.89788e-07 0.84506 2.35997e-07 1.56335 1.10281 2.1375
-1.60995 2.96336e-07 0.835807 2.58474e-07 1.86444 1.13984 2.15
-1.59518 3.04363e-07 0.825276 2.83588e-07 2.23136 1.18857 2.1625
-1.57994 3.14585e-07 0.813696 3.11164e-07 2.67097 1.25518 2.175
-1.56361 3.28648e-07 0.800198 3.63304e-07 3.62028 1.3543 2.1875
-1.54669 3.37755e-07 0.785186 4.14144e-07 4.67769 1.41419 2.2
-1.53912 3.47661e-07 0.776463 5.12956e-07 7.15982 1.49158 2.205
-1.53204 3.47253e-07 0.771016 4.97603e-07 6.7224 1.48136 2.21
-1.52365 3.5737e-07 0.760135 5.45513e-07 8.06099 1.56185 2.215
-1.51685 3.62294e-07 0.754895 5.6057e-07 8.49293 1.59797 2.22
-1.50869 3.72517e-07 0.742662 7.33669e-07 14.5152 1.68184 2.225
-1.50046 3.74417e-07 0.733134 6.95998e-07 13.0335 1.69143 2.23
-1.491 3.93393e-07 0.716954 1.00081e-06 26.8891 1.85887 2.235
-1.48141 4.0061e-07 0.700915 1.07098e-06 30.7234 1.91911 2.24
-1.4737 3.9145e-07 0.696014 8.979e-07 21.5472 1.82419 2.245
-1.46336 4.16333e-07 0.669459 1.27553e-06 43.3864 2.05432 2.25
-1.45207 4.29059e-07 0.649127 1.41182e-06 53.0353 2.17216 2.255
-1.4423 4.33372e-07 0.629926 1.49535e-06 59.3648 2.20626 2.26
-1.42914 4.42372e-07 0.589224 1.74524e-06 80.6853 2.28871 2.265
-1.41965 4.535e-07 0.563284 2.08178e-06 114.55 2.39472 2.27
-1.40702 4.61317e-07 0.52753 2.15599e-06 122.592 2.46711 2.275
-1.39499 4.65009e-07 0.490563 2.30776e-06 140.152 2.49577 2.28
-1.38088 4.56841e-07 0.432762 2.40648e-06 152.066 2.39833 2.285
-1.37041 4.46225e-07 0.411521 2.32224e-06 141.296 2.27818 2.29
-1.34581 4.1848e-07 0.317349 2.25659e-06 132.84 1.98631 2.3
-1.32501 4.04654e-07 0.272824 2.08715e-06 113.026 1.83719 2.3125
-1.30191 3.7652e-07 0.196935 1.78904e-06 82.5976 1.57356 2.325
