-1.6371 4.65705e-07 0.853813 3.53413e-07 1.26958 1.03743 2.125
-1.62364 4.79064e-07 0.845225 3.81498e-07 1.47073 1.085 2.1375
-1.60978 4.94438e-07 0.835802 4.24112e-07 1.80707 1.14235 2.15
-1.59516 5.08655e-07 0.82527 4.77198e-07 2.27455 1.19506 2.1625
-1.57983 5.25048e-07 0.813473 5.30252e-07 2.79228 1.25873 2.175
-1.564 5.42477e-07 0.800628 6.22544e-07 3.82689 1.32838 2.1875
-1.54662 5.60339e-07 0.785063 6.86302e-07 4.62446 1.40123 2.2
-1.5396 5.71557e-07 0.778212 7.61574e-07 5.68158 1.45129 2.205
-1.53219 5.80608e-07 0.771068 7.75618e-07 5.87973 1.49085 2.21
-1.52387 5.97092e-07 0.760161 9.54888e-07 8.89171 1.5696 2.215
-1.51706 5.97205e-07 0.754382 9.59293e-07 8.95372 1.56313 2.22
-1.50875 6.08601e-07 0.745341 9.79107e-07 9.30645 1.61606 2.225
-1.50054 6.1786e-07 0.734762 1.07481e-06 11.1896 1.65815 2.23
-1.49163 6.37868e-07 0.722116 1.24209e-06 14.9101 1.75938 2.235
-1.48225 6.52576e-07 0.706618 1.397e-06 18.8191 1.83324 2.24
-1.47395 6.56517e-07 0.697236 1.40961e-06 19.1177 1.8472 2.245
-1.46435 6.77738e-07 0.680494 1.58292e-06 24.0541 1.9598 2.25
-1.45508 6.84141e-07 0.666735 1.65921e-06 26.3701 1.98816 2.255
-1.44472 6.98706e-07 0.645758 1.83719e-06 32.259 2.06455 2.26
-1.4332 7.13754e-07 0.621716 2.0209e-06 38.9469 2.14494 2.265
-1.42258 7.26706e-07 0.5988 2.1673e-06 44.6956 2.2137 2.27
-1.41172 7.28241e-07 0.577029 2.24519e-06 47.8606 2.2133 2.275
-1.40109 7.29702e-07 0.553291 2.34684e-06 52.1777 2.21246 2.28
-1.38958 7.39104e-07 0.522931 2.52684e-06 60.3563 2.25992 2.285
-1.3783 7.28102e-07 0.499758 2.48551e-06 58.2706 2.18357 2.29
-1.35545 7.18719e-07 0.44223 2.58481e-06 62.7455 2.10919 2.3
-1.33205 6.9566e-07 0.388061 2.57857e-06 62.1057 1.95472 2.3125
-1.30846 6.68242e-07 0.336091 2.46043e-06 56.2409 1.78433 2.325
