-1.63703 7.0045e-07 0.853764 5.30356e-07 1.27071 1.04306 2.125
-1.62363 7.20904e-07 0.845058 5.8345e-07 1.52888 1.09198 2.1375
-1.60991 7.41713e-07 0.835913 6.46164e-07 1.86431 1.14253 2.15
-1.59489 7.64148e-07 0.824865 7.08946e-07 2.23121 1.19871 2.1625
-1.57977 7.86146e-07 0.813613 7.91124e-07 2.76249 1.25418 2.175
-1.56393 8.14196e-07 0.800496 8.97215e-07 3.53278 1.32994 2.1875
-1.54646 8.44536e-07 0.784415 1.06461e-06 4.94575 1.41469 2.2
-1.53986 8.52101e-07 0.779626 1.03889e-06 4.69897 1.43363 2.205
-1.53251 8.63852e-07 0.771832 1.1409e-06 5.65421 1.46678 2.21
-1.52435 8.84528e-07 0.762308 1.25194e-06 6.79302 1.5309 2.215
-1.51658 8.99447e-07 0.753684 1.32966e-06 7.6454 1.57585 2.22
-1.5094 9.04836e-07 0.74745 1.3416e-06 7.7658 1.58764 2.225
-1.5011 9.21007e-07 0.737455 1.44133e-06 8.94314 1.63752 2.23
-1.49204 9.39811e-07 0.725128 1.58457e-06 10.7849 1.69745 2.235
-1.48337 9.54799e-07 0.713385 1.69702e-06 12.3423 1.74421 2.24
-1.47568 9.60243e-07 0.70522 1.70986e-06 12.502 1.75631 2.245
-1.46582 9.82884e-07 0.689328 1.88436e-06 15.1502 1.83194 2.25
-1.45635 9.94672e-07 0.676081 1.96574e-06 16.4504 1.86783 2.255
-1.44802 1.00392e-06 0.665417 2.01809e-06 17.3 1.89432 2.26
-1.43841 1.01087e-06 0.651739 2.08099e-06 18.3545 1.91217 2.265
-1.42872 1.02538e-06 0.636454 2.1783e-06 20.0669 1.95879 2.27
-1.41828 1.03393e-06 0.618267 2.29411e-06 22.2085 1.98287 2.275
-1.40993 1.03745e-06 0.606627 2.32773e-06 22.8141 1.98763 2.28
-1.39721 1.04912e-06 0.579302 2.49765e-06 26.2088 2.02371 2.285
-1.38766 1.04884e-06 0.564516 2.53203e-06 26.8765 2.01382 2.29
-1.36801 1.05348e-06 0.528014 2.66213e-06 29.5804 2.01403 2.3
-1.34317 1.03509e-06 0.482427 2.71045e-06 30.4981 1.92336 2.3125
-1.31919 1.01681e-06 0.437714 2.72089e-06 30.5682 1.83612 2.325
